10
SeleccionSort
14200	3000	1700	
InsertionSort
10800	900	2600	
BubbleSort
10400	1700	2000	
QuickSort
9900	1900	1600	
MergeSort
9100	4300	3200	
100
SeleccionSort
88300	84200	81900	
InsertionSort
44300	5000	125900	
BubbleSort
154200	105200	174200	
QuickSort
31000	129500	22300	
MergeSort
152200	94700	69200	
1000
SeleccionSort
2964100	1825400	1780700	
InsertionSort
2324100	5900	1896000	
BubbleSort
3824800	1099300	2247100	
QuickSort
138800	59600	62100	
MergeSort
3573500	14286400	910500	
10000
SeleccionSort
31197100	32363100	31931600	
InsertionSort
16998000	21900	22875600	
BubbleSort
131675100	24278400	72416700	
QuickSort
904400	99100	103900	
MergeSort
60634100	54146700	53880800	
100000
SeleccionSort
2717578000	2606337500	2888203500	
InsertionSort
713569000	140200	1552732000	
BubbleSort
12557696100	1439696100	6381197500	
QuickSort
20035400	1903100	2744000	
MergeSort
3590241800	3057647600	3180694200	
